# Created by Octave 6.4.0, Fri Feb 18 10:03:34 2022 CET <curbelo@ASUS>
# name: M
# type: matrix
# rows: 200
# columns: 3
 1 39.569384750599397 -8.0488740275770496
 2 15.683413806709192 -1.5241341104573607
 3 32.385763734136624 2.9951272965517539
 4 22.935060047167806 1.1835134711565729
 5 28.0165054601588 -2.0846595717374505
 6 36.374788712309851 -2.8052231454703058
 7 32.559080555725679 -7.8227146507420926
 8 22.250672061005357 5.9285371217714946
 9 26.881750495077419 -1.7434819819880705
 10 17.483384344683444 -8.151754763631784
 11 25.755905522759829 -5.241342416071511
 12 20.650972803260657 -7.0493432139508698
 13 32.589710664337716 5.4749506409725832
 14 35.604337731132823 -8.943101464404986
 15 34.734106579362553 -8.3572389669869711
 16 31.669942722965487 -5.0957592656551531
 17 19.554541372284177 -6.3188519117999586
 18 35.372467610466188 1.825104589561624
 19 29.282636668376384 -5.3222720215481534
 20 22.909733342892093 -8.3778415651923321
 21 15.47487617701038 -9.6300732056705201
 22 35.695034971497051 0.63413002201928315
 23 38.447157473691405 2.786394075620036
 24 19.278557037484902 -5.2955297862580908
 25 35.687402294438932 4.8563828420869228
 26 29.759058404465446 2.9212687283579957
 27 35.639544506782435 9.9239430118192971
 28 38.822734804092242 9.53145017694413
 29 28.923238092835177 2.5311327050386261
 30 34.711474036298064 -5.7103199063660721
 31 21.168928833630751 -3.8703781544129452
 32 27.060617041107005 8.4803043243491238
 33 39.761952352412408 -1.8401200294498672
 34 35.864141708095524 5.3647424585447787
 35 35.89110694583669 -8.840954969757167
 36 24.546754569649949 3.1647578125128
 37 44.57496853486137 1.9600063065832796
 38 38.436077063543905 -4.4950493312257622
 39 17.183361121350636 -2.0313712649879019
 40 32.409619743020791 8.9953276661271815
 41 25.909315662846684 2.0647846141840986
 42 33.046395863016535 3.1627058894165661
 43 41.006975333033438 -6.4912286541227644
 44 13.628066085262272 6.1113609108703244
 45 41.239179690203223 -8.8804321325342777
 46 38.12155216259422 1.7930525661413288
 47 26.221786061803016 1.4782537315581266
 48 47.333838810777493 -6.6222121395800944
 49 32.40453155691349 -9.1196156990973325
 50 42.349521580434185 0.63756074742976843
 51 29.493354130216296 1.7698601991982148
 52 28.641831964264423 -9.6245675580284669
 53 44.056425541746954 6.9843102210081618
 54 20.348328974540095 -7.2539154699370467
 55 33.001321134695083 5.5014029431138649
 56 38.701725072324052 -3.9840458934772593
 57 24.497573798645426 3.1260937932879749
 58 41.707322670688939 -8.382065393359003
 59 34.032272971146064 -1.4320096094415096
 60 26.062151616789841 -0.4790709585387809
 61 31.715961140482314 -1.060536695512182
 62 25.01399551803032 1.7806402902231966
 63 34.083345133738661 3.7372808553708321
 64 17.109703939007261 -4.0758038418469873
 65 47.957250095498942 5.2812416719177779
 66 12.238354780534827 -1.6216366357762375
 67 23.540160612284389 8.3435222813293137
 68 29.650180204004862 -9.6857412171178368
 69 25.967348767939065 6.4634209354851251
 70 29.451201982217476 2.7780637276343239
 71 25.369858784323313 -1.3882099789878133
 72 17.722366493759118 0.81205291273928282
 73 31.520717691071201 8.4419385905982089
 74 33.952249812562258 -2.3783956443567345
 75 34.982156476582205 7.4946838398837308
 76 43.478908227484979 -8.2760282337917772
 77 40.40693941665981 6.2481854577610854
 78 50.087920072483364 1.7201610307611741
 79 30.606822860681167 5.5556616986562446
 80 14.967772694908238 -5.5721777541622819
 81 39.001762437848072 4.9218758754183085
 82 30.315503241470498 2.5606295993534474
 83 14.697291096092158 3.0983802847291386
 84 34.26635861944952 -2.1084086644839388
 85 34.48078468386916 -8.7223435225785586
 86 24.727739826196437 5.9956333656878904
 87 21.130377644148723 -6.6947797557795319
 88 25.085914081230268 -3.2507205744993701
 89 48.244827592805215 -0.089149062540933244
 90 29.87526124301014 7.6802732095803208
 91 32.647512009896914 0.69384197237300071
 92 30.304881666868436 -1.0748331169168619
 93 18.602558810341655 -9.6908173219234328
 94 48.499525243549968 -1.2223366782415717
 95 21.560666292748195 5.4307507070347665
 96 26.480479996115022 7.5512591663622572
 97 36.551579712153959 -4.1350772926682549
 98 31.383113365436785 -0.40831799769035015
 99 35.661005797645288 -0.010161892271348449
 100 46.894068859998015 3.2005513079841101
 101 29.327522381260668 6.9687579200808401
 102 25.999351065322909 -5.4397393138504579
 103 46.693464039684976 -7.8548671244703971
 104 37.13212915976861 8.873482407421946
 105 31.013056389700747 1.6843309538365858
 106 41.933582920890885 0.042926989959124029
 107 29.804406052063783 -1.4895770519267622
 108 38.294427215820484 -0.19897947639804769
 109 17.862284799505517 -3.1138063412987034
 110 14.258625560221832 5.3193436111425658
 111 19.913537543069662 7.1778877356371815
 112 21.298110231700683 8.5536545973359779
 113 37.0055330452467 -3.4499037602477394
 114 34.187671752474841 -3.7191903338819827
 115 36.161846166189981 6.7738821087387606
 116 37.771555691107125 -7.9366379689000581
 117 23.743522989819279 -2.7644527451400913
 118 40.207515492487858 6.0875758123743537
 119 24.364128267063556 -1.3612734058980553
 120 25.619318346010502 -8.8818709836602672
 121 26.696331275286195 1.6481393150877359
 122 44.758719244242577 -4.8478315612123435
 123 39.696907344627185 -5.8304523918722744
 124 28.449634302691596 -8.7397081112203718
 125 44.771965341854184 -1.8760452555017277
 126 28.173417062508786 5.123490977654372
 127 36.787360063341474 -9.9205563052111074
 128 31.01120074879822 -0.63411703611974346
 129 16.73902053734114 -8.9687747629341619
 130 5.0151523087174397 -5.1528044455882771
 131 24.867684025887112 -0.052508880783619816
 132 27.540687307322255 -2.8788458597800766
 133 27.114498701688291 2.3885364910116031
 134 15.298366437838204 5.1441841201774796
 135 13.018072458880145 -7.8916772532363595
 136 20.237997093300947 8.5645898553651492
 137 34.907602413514127 -3.259335802734082
 138 19.461363772456153 6.9424291194579837
 139 26.184227468325901 -8.1041478722274736
 140 23.987359856502984 1.9276047138417347
 141 11.458213118369468 7.6488230871623415
 142 39.031574163147106 -6.334525063032828
 143 40.745927911877587 -2.6835830753787864
 144 35.301098556386826 7.8665976815676046
 145 33.58349084013804 6.8208815655617983
 146 21.110356254766415 -7.7917195446877034
 147 20.759049934326004 -1.0436238726054015
 148 25.108994126166419 -5.4581496986346956
 149 38.379489191403827 -6.0827351419227966
 150 20.354704967210825 6.7504850485123988
 151 22.097990630695573 -0.29396478594027009
 152 31.265705105478968 1.7297555265351257
 153 14.046875272298127 3.9867330921910131
 154 24.287593045771125 -0.62313621280709164
 155 37.900994853969998 1.8149559045561663
 156 27.703931306568691 -5.9529295008145144
 157 28.111575046351639 9.0766455106252799
 158 33.372771343845876 6.1374275267836715
 159 19.655276872109276 -0.39850632691154253
 160 9.9201362899972381 4.4626104666242341
 161 30.856424701773939 -9.4153343365245519
 162 37.610582705943408 2.7889665230097407
 163 22.667452475234732 8.8006644477197256
 164 36.929355916599405 3.5035969206408133
 165 45.592163423871561 6.1854017265222545
 166 13.78306804114834 -5.185417087160622
 167 40.28749500253916 3.1317319623279243
 168 24.395845843684292 -2.8838519447905009
 169 51.291135224474068 -4.3687306204427649
 170 20.988522338777585 7.834957037919466
 171 8.7254150347358461 -5.2656175931138316
 172 14.374045721481188 9.5726568157882532
 173 26.86602650107854 -9.767497020296501
 174 37.621851805935783 2.0969281144347143
 175 16.462373950253202 3.5455455437623158
 176 35.175688054181343 -5.6956636477267235
 177 20.271397603065004 -7.7267129626531306
 178 32.448209809347439 -0.42426483807055781
 179 21.83919169496648 -1.9284855977113935
 180 34.845289382732659 9.1586301501439706
 181 12.488353236234108 5.9061998973850365
 182 38.011664019685796 -9.1548593620287466
 183 22.393066315823049 -3.8260173929688239
