# Created by Octave 6.4.0, Fri Feb 04 12:34:54 2022 CET <curbelo@ASUS>
# name: s
# type: scalar
3


