# Created by Octave 6.4.0, Fri Feb 04 12:34:54 2022 CET <curbelo@ASUS>
# name: ans
# type: scalar
3


# name: s
# type: scalar
3


# name: t
# type: matrix
# rows: 1
# columns: 500
 0 0.080160320641282562 0.16032064128256512 0.24048096192384769 0.32064128256513025 0.40080160320641278 0.48096192384769537 0.56112224448897796 0.6412825651302605 0.72144288577154303 0.80160320641282556 0.88176352705410821 0.96192384769539074 1.0420841683366733 1.1222444889779559 1.2024048096192383 1.282565130260521 1.3627254509018036 1.4428857715430861 1.5230460921843687 1.6032064128256511 1.6833667334669338 1.7635270541082164 1.8436873747494988 1.9238476953907815 2.0040080160320639 2.0841683366733466 2.1643286573146292 2.2444889779559118 2.3246492985971945 2.4048096192384767 2.4849699398797593 2.565130260521042 2.6452905811623246 2.7254509018036073 2.8056112224448895 2.8857715430861721 2.9659318637274548 3.0460921843687374 3.1262525050100201 3.2064128256513023 3.2865731462925849 3.3667334669338675 3.4468937875751502 3.5270541082164328 3.6072144288577155 3.6873747494989977 3.7675350701402803 3.847695390781563 3.9278557114228456 4.0080160320641278 4.0881763527054105 4.1683366733466931 4.2484969939879758 4.3286573146292584 4.408817635270541 4.4889779559118237 4.5691382765531063 4.649298597194389 4.7294589178356707 4.8096192384769534 4.889779559118236 4.9699398797595187 5.0501002004008013 5.130260521042084 5.2104208416833666 5.2905811623246493 5.3707414829659319 5.4509018036072145 5.5310621242484972 5.6112224448897789 5.6913827655310616 5.7715430861723442 5.8517034068136269 5.9318637274549095 6.0120240480961922 6.0921843687374748 6.1723446893787575 6.2525050100200401 6.3326653306613228 6.4128256513026045 6.4929859719438872 6.5731462925851698 6.6533066132264524 6.7334669338677351 6.8136272545090177 6.8937875751503004 6.973947895791583 7.0541082164328657 7.1342685370741483 7.214428857715431 7.2945891783567127 7.3747494989979954 7.454909819639278 7.5350701402805607 7.6152304609218433 7.6953907815631259 7.7755511022044086 7.8557114228456912 7.9358717434869739 8.0160320641282556 8.0961923847695392 8.1763527054108209 8.2565130260521045 8.3366733466933862 8.4168336673346698 8.4969939879759515 8.5771543086172333 8.6573146292585168 8.7374749498997986 8.8176352705410821 8.8977955911823639 8.9779559118236474 9.0581162324649291 9.1382765531062127 9.2184368737474944 9.298597194388778 9.3787575150300597 9.4589178356713415 9.539078156312625 9.6192384769539068 9.6993987975951903 9.7795591182364721 9.8597194388777556 9.9398797595190373 10.020040080160321 10.100200400801603 10.180360721442886 10.260521042084168 10.34068136272545 10.420841683366733 10.501002004008015 10.581162324649299 10.66132264529058 10.741482965931864 10.821643286573146 10.901803607214429 10.981963927855711 11.062124248496994 11.142284569138276 11.222444889779558 11.302605210420841 11.382765531062123 11.462925851703407 11.543086172344688 11.623246492985972 11.703406813627254 11.783567134268537 11.863727454909819 11.943887775551103 12.024048096192384 12.104208416833666 12.18436873747495 12.264529058116231 12.344689378757515 12.424849699398797 12.50501002004008 12.585170340681362 12.665330661322646 12.745490981963927 12.825651302605209 12.905811623246493 12.985971943887774 13.066132264529058 13.14629258517034 13.226452905811623 13.306613226452905 13.386773547094188 13.46693386773547 13.547094188376754 13.627254509018035 13.707414829659317 13.787575150300601 13.867735470941883 13.947895791583166 14.028056112224448 14.108216432865731 14.188376753507013 14.268537074148297 14.348697394789578 14.428857715430862 14.509018036072144 14.589178356713425 14.669338677354709 14.749498997995991 14.829659318637274 14.909819639278556 14.98997995991984 15.070140280561121 15.150300601202405 15.230460921843687 15.31062124248497 15.390781563126252 15.470941883767534 15.551102204408817 15.631262525050099 15.711422845691382 15.791583166332664 15.871743486973948 15.95190380761523 16.032064128256511 16.112224448897795 16.192384769539078 16.272545090180358 16.352705410821642 16.432865731462925 16.513026052104209 16.593186372745489 16.673346693386772 16.753507014028056 16.83366733466934 16.913827655310619 16.993987975951903 17.074148296593187 17.154308617234467 17.23446893787575 17.314629258517034 17.394789579158317 17.474949899799597 17.555110220440881 17.635270541082164 17.715430861723448 17.795591182364728 17.875751503006011 17.955911823647295 18.036072144288575 18.116232464929858 18.196392785571142 18.276553106212425 18.356713426853705 18.436873747494989 18.517034068136272 18.597194388777556 18.677354709418836 18.757515030060119 18.837675350701403 18.917835671342683 18.997995991983966 19.07815631262525 19.158316633266534 19.238476953907814 19.318637274549097 19.398797595190381 19.478957915831664 19.559118236472944 19.639278557114228 19.719438877755511 19.799599198396791 19.879759519038075 19.959919839679358 20.040080160320642 20.120240480961925 20.200400801603209 20.280561122244489 20.360721442885772 20.440881763527056 20.521042084168336 20.601202404809619 20.681362725450903 20.761523046092186 20.841683366733466 20.92184368737475 21.002004008016034 21.082164328657317 21.162324649298597 21.242484969939881 21.322645290581164 21.402805611222444 21.482965931863728 21.563126252505011 21.643286573146295 21.723446893787575 21.803607214428858 21.883767535070142 21.963927855711425 22.044088176352705 22.124248496993989 22.204408817635272 22.284569138276552 22.364729458917836 22.444889779559119 22.525050100200403 22.605210420841683 22.685370741482966 22.76553106212425 22.845691382765533 22.925851703406813 23.006012024048097 23.086172344689381 23.16633266533066 23.246492985971944 23.326653306613228 23.406813627254511 23.486973947895791 23.567134268537075 23.647294589178358 23.727454909819642 23.807615230460922 23.887775551102205 23.967935871743489 24.048096192384769 24.128256513026052 24.208416833667336 24.288577154308619 24.368737474949903 24.448897795591183 24.529058116232466 24.609218436873746 24.68937875751503 24.769539078156313 24.849699398797597 24.92985971943888 25.01002004008016 25.090180360721444 25.170340681362724 25.250501002004007 25.330661322645291 25.410821643286575 25.490981963927858 25.571142284569138 25.651302605210422 25.731462925851702 25.811623246492985 25.891783567134269 25.971943887775552 26.052104208416836 26.132264529058119 26.212424849699399 26.292585170340683 26.372745490981963 26.452905811623246 26.53306613226453 26.613226452905813 26.693386773547097 26.773547094188377 26.85370741482966 26.93386773547094 27.014028056112224 27.094188376753507 27.174348697394791 27.254509018036075 27.334669338677354 27.414829659318638 27.494989979959918 27.575150300601202 27.655310621242485 27.735470941883769 27.815631262525052 27.895791583166336 27.975951903807616 28.056112224448896 28.136272545090179 28.216432865731463 28.296593186372746 28.37675350701403 28.456913827655313 28.537074148296593 28.617234468937877 28.697394789579157 28.77755511022044 28.857715430861724 28.937875751503007 29.018036072144291 29.098196392785571 29.178356713426854 29.258517034068134 29.338677354709418 29.418837675350701 29.498997995991985 29.579158316633269 29.659318637274552 29.739478957915832 29.819639278557112 29.899799599198396 29.979959919839679 30.060120240480963 30.140280561122246 30.22044088176353 30.30060120240481 30.380761523046093 30.460921843687373 30.541082164328657 30.62124248496994 30.701402805611224 30.781563126252507 30.861723446893787 30.941883767535071 31.022044088176351 31.102204408817634 31.182364729458918 31.262525050100201 31.342685370741485 31.422845691382769 31.503006012024048 31.583166332665328 31.663326653306612 31.743486973947896 31.823647294589179 31.903807615230463 31.983967935871746 32.06412825651303 32.144288577154306 32.22444889779559 32.304609218436873 32.384769539078157 32.46492985971944 32.545090180360724 32.625250501002007 32.705410821643284 32.785571142284567 32.865731462925851 32.945891783567134 33.026052104208418 